7/7/7/7/7/7/7 x 0 1;1 1;2 1;3 1;4 1
7/7/7/7/7/7/7 o 0 1;1 1;2 1;3 1;4 1
x5o/7/7/7/7/7/o5x x 0 1;1 16;2 256;3 6460;4 155888;5 4752684
x5o/7/7/7/7/7/o5x o 0 1;1 16;2 256;3 6460;4 155888;5 4752684
x5o/7/2-1-2/7/2-1-2/7/o5x x 0 1;1 14;2 196;3 4184;4 86528;5 2266352
x5o/7/2-1-2/7/2-1-2/7/o5x o 0 1;1 14;2 196;3 4184;4 86528;5 2266352
x5o/7/2-1-2/3-3/2-1-2/7/o5x x 0 1;1 14;2 196;3 4100;4 83104;5 2114588
x5o/7/2-1-2/3-3/2-1-2/7/o5x o 0 1;1 14;2 196;3 4100;4 83104;5 2114588
x5o/7/3-3/2-1-2/3-3/7/o5x x 0 1;1 16;2 256;3 5948;4 133264;5 3639872
x5o/7/3-3/2-1-2/3-3/7/o5x o 0 1;1 16;2 256;3 5948;4 133264;5 3639872
7/7/7/7/ooooooo/ooooooo/xxxxxxx x 0 1;1 1;2 75;3 249;4 14270;5 452980
7/7/7/7/ooooooo/ooooooo/xxxxxxx o 0 1;1 75;2 249;3 14270;4 452980
7/7/7/7/xxxxxxx/xxxxxxx/ooooooo x 0 1;1 75;2 249;3 14270;4 452980
7/7/7/7/xxxxxxx/xxxxxxx/ooooooo o 0 1;1 1;2 75;3 249;4 14270;5 452980
7/7/7/2x1o2/7/7/7 x 0 1;1 23;2 424;3 7930;4 169001;5 4277130
7/7/7/2x1o2/7/7/7 o 0 1;1 23;2 424;3 7930;4 169001;5 4277130
x5o/7/7/7/7/7/o5x x 100 1;1 1;2 1;3 1;4 1
x5o/7/7/7/7/7/o5x o 100 1;1 1;2 1;3 1;4 1
7/7/7/7/-------/-------/x5o x 0 1;1 2;2 4;3 13;4 32;5 75;6 178
7/7/7/7/-------/-------/x5o o 0 1;1 2;2 4;3 13;4 32;5 75;6 178