7/7/7/7/1r3y1/ryrryy1 r;1 7;2 49;3 343;4 2401;5 16589;6 112873;7 763202;8 5045052;9 33277946
7/7/7/7/5y1/y2r1r1 r;1 7;2 49;3 343;4 2257;5 15654;6 101482;7 699774;8 4527381;9 30930522
7/7/7/1yrr3/1yyrr2/1rryy1y r;1 7;2 49;3 307;4 2002;5 12346;6 75934;7 457173;8 2667068;9 15439094
7/7/7/1yy1r2/1ryry2/ryryrr1 y;1 7;2 49;3 343;4 2278;5 15652;6 98463;7 651228;8 3875098;9 24293654
3r3/3y3/3r3/1r1y3/1y1r3/rr1y1y1 y;1 6;2 36;3 216;4 1195;5 7050;6 38335;7 222884;8 1205217;9 6831450
7/7/7/4r2/1r2ry1/yr2ryy y;1 7;2 49;3 307;4 2082;5 12652;6 84369;7 506748;8 3330852;9 19735562
7/7/3y3/3r3/3y1r1/yrrryry y;1 7;2 49;3 342;4 2370;5 16140;6 106373;7 698251;8 4405455;9 27570837
7/7/5y1/1y3r1/yr1r1ry/ry1yrry r;1 7;2 49;3 342;4 2369;5 16107;6 107550;7 704074;8 4453397;9 27703070
7/7/2r4/2rr3/2yy2y/rryryyr y;1 7;2 49;3 342;4 2159;5 14178;6 85298;7 529167;8 3078837;9 17880605
7/7/7/2r4/2yy2r/rryyyrr y;1 7;2 49;3 343;4 2148;5 14482;6 86933;7 561836;8 3297310;9 20319280
7/7/4r2/r3y1y/yry1y1r/ryr1y1r r;1 7;2 49;3 342;4 2374;5 16340;6 111010;7 735935;8 4819566;9 30180741
7/2r4/2y4/2r1yr1/2y1yr1/1yr1ry1 r;1 7;2 48;3 324;4 2123;5 13532;6 85274;7 511813;8 3100317;9 17577791
7/7/7/4r2/yy2yr1/rr1yry1 r;1 7;2 49;3 343;4 2400;5 16671;6 115292;7 783778;8 5268792;9 34691231
7/7/4y2/y3r2/r2yy2/rr1yyrr r;1 7;2 49;3 342;4 2369;5 15559;6 103506;7 640955;8 4053521;9 23718946
7/r6/y6/r4r1/rr2yy1/ry1yry1 y;1 7;2 48;3 324;4 2141;5 13983;6 86553;7 540028;8 3111093;9 18354313
7/4y2/4r2/4y2/rr2rr1/yryryy1 y;1 7;2 48;3 324;4 2154;5 13478;6 85750;7 502462;8 3042763;9 16867167
7/4y2/4r2/4y2/4r2/y1yrryr r;1 7;2 48;3 324;4 2160;5 14250;6 90466;7 578963;8 3508842;9 21664540
7/7/7/1y3r1/ry2ry1/rry1yr1 y;1 7;2 49;3 343;4 2363;5 16251;6 109644;7 738612;8 4819654;9 31516438
7/7/y6/r1yr3/r1yyy1r/r1yrr1y r;1 7;2 49;3 294;4 1991;5 11301;6 74157;7 403443;8 2544311;9 13276914
7/7/5r1/5yy/r1y2rr/yryyryr r;1 7;2 49;3 342;4 2303;5 15236;6 98676;7 615221;8 3815529;9 22298148
7/7/7/4y2/4r2/ryy1r2 r;1 7;2 49;3 343;4 2400;5 16776;6 115557;7 799130;8 5384701;9 36558455
7/7/7/7/7/2yrrry y;1 7;2 49;3 343;4 2401;5 16807;6 117212;7 815970;8 5607138;9 38445894
7/7/7/7/3y3/1r1yr2 r;1 7;2 49;3 343;4 2401;5 16590;6 115462;7 788322;8 5439308;9 36490521
7/2r4/2y4/2r4/2y4/ryr2yr y;1 7;2 48;3 324;4 2160;5 14256;6 92668;7 598908;8 3764286;9 23714759
7/7/7/4y2/r3r2/y1y1r2 r;1 7;2 49;3 343;4 2400;5 16415;6 112860;7 759481;8 5115129;9 33879148
7/7/7/7/7/3y1r1 r;1 7;2 49;3 343;4 2401;5 16807;6 117431;7 811866;8 5639742;9 38585164
7/7/7/7/1y3r1/1r3ry y;1 7;2 49;3 343;4 2401;5 16589;6 115426;7 781880;8 5382916;9 35832279
7/7/7/7/6r/4ryy r;1 7;2 49;3 343;4 2401;5 16806;6 115894;7 807714;8 5469814;9 37759575
7/7/r6/y6/r1yy3/y1rr2r y;1 7;2 49;3 342;4 2376;5 15698;6 106227;7 683783;8 4464784;9 28173139
7/7/7/6r/r1r2yy/r1yy1ry r;1 7;2 49;3 343;4 2358;5 15993;6 106805;7 702560;8 4551045;9 29034841
6y/1r4y/1ry1y1y/ryrrr1r/yryyr1r/yrryyry r;1 6;2 35;3 169;4 815;5 3501;6 14069;7 53893;8 181466;9 595471
7/4r2/y1y1rrr/r1r1yyy/yyr1ryr/yryyryr r;1 7;2 48;3 314;4 1937;5 11251;6 59807;7 296915;8 1303871;9 5272211
4r2/4y2/y1yrr2/r1yyr2/r1ryy1y/yrrryry r;1 6;2 36;3 188;4 1012;5 4747;6 22966;7 95759;8 412610;9 1526672
3r2y/3yr1r/1r1yy1r/1yrry1y/yryyrrr/ryryryy r;1 5;2 24;3 92;4 359;5 1185;6 3916;7 11418;8 32599;9 80784
r6/rr3y1/yy3rr/yr1y1yr/rryryry/yyrryyr y;1 6;2 34;3 160;4 684;5 2673;6 9024;7 28302;8 75440;9 187167
3r3/3r3/yr1y1r1/ry1r1yy/rryyyrr/ryyryyr y;1 6;2 36;3 213;4 1182;5 6526;6 32799;7 163060;8 727914;9 3131203
7/3r3/1y1y3/1yry3/1yrr2r/rryr1yy r;1 7;2 48;3 288;4 1835;5 10660;6 63896;7 352084;8 1972919;9 10113074
5r1/3r1r1/3y1y1/r1yy1r1/y1rryy1/rryyyr1 r;1 6;2 35;3 200;4 1123;5 5704;6 30023;7 138453;8 670176;9 2842321
1r5/1y5/1r2r2/1y1yy1r/ry1ryyy/ryrrryr y;1 6;2 36;3 210;4 1163;5 6229;6 31667;7 154333;8 713059;9 3101502
2r4/2y4/y1r4/y1r4/rrr1y2/yyy1yrr r;1 6;2 36;3 190;4 1076;5 5446;6 29504;7 145331;8 753495;9 3602036
ryyyr2/yryrrr1/ryyryy1/ryryrr1/yyyrryy/rryrrry y;1 2;2 3;3 3;4 3;5 3;6 3;7 3;8 3;9 3
2yy2r/2ry1yy/yryr1ry/rrryyrr/yyryryy/rrryyrr r;1 4;2 15;3 49;4 142;5 311;6 562;7 685;8 685;9 647
rr1y1yr/yryy1yy/yyrr1yr/rrryrrr/ryrryyy/rryyryy r;1 2;2 3;3 3;4 3;5 2;6 2;7 2;8 2;9 2
ryyr1yy/yrrryry/ryyrrry/yrryrrr/yyrrryy/yryyyrr y;1 1;2 0;3 0;4 0;5 0;6 0;7 0;8 0;9 0
y1r1yr1/y1r1yyr/yry1rry/ryr1yry/yryrryr/yryryrr y;1 3;2 8;3 19;4 32;5 42;6 42;7 42;8 42;9 42
7/r2r2y/yy1ry1y/rryyryr/yrrryyr/ryyrrry y;1 7;2 46;3 284;4 1541;5 8019;6 35135;7 142993;8 488459;9 1449999
yyrry1y/yrryr1r/yyyryyr/rrryrry/ryryyyr/yrryyrr r;1 1;2 1;3 0;4 0;5 0;6 0;7 0;8 0;9 0
yy2yyr/rrr1rry/yyrryyr/rryyrrr/yryrryy/yryyryr y;1 2;2 3;3 3;4 1;5 1;6 1;7 1;8 1;9 1
ryr3y/yyr1r1y/yrryy1r/ryyrrry/yrryrry/yryyryr r;1 3;2 8;3 19;4 31;5 44;6 44;7 27;8 27;9 27
2rr1y1/r1yrry1/y1yyrr1/yyyryyy/yrryrrr/ryyrrry r;1 4;2 14;3 37;4 99;5 215;6 417;7 617;8 617;9 509